nce 128 128 5 8 1e-2 200001
nce 128 128 5 8 1e-3 1000001
nce 128 128 8 8 1e-2 200001
nce 128 128 8 8 1e-3 1000001
nce 128 256 5 8 1e-2 200001
nce 128 256 5 8 1e-3 1000001
nce 128 256 8 8 1e-2 200001
nce 128 256 8 8 1e-3 1000001
cross_entropy 128 128 5 8 1e-2 200001
cross_entropy 128 128 5 8 1e-3 1000001
cross_entropy 128 128 8 8 1e-2 200001
cross_entropy 128 128 8 8 1e-3 1000001
cross_entropy 128 256 5 8 1e-2 200001
cross_entropy 128 256 5 8 1e-3 1000001
cross_entropy 128 256 8 8 1e-2 200001
cross_entropy 128 256 8 8 1e-3 1000001
nce 64 128 5 8 1e-2 200001
nce 63 128 5 8 1e-2 200001