nce 128 128 5 8 1e-2 200001 34.6% 3.0335426171620687
nce 128 128 5 8 1e-3 1000001 28.3% 15.219921565055847
nce 128 128 8 8 1e-2 200001 30.2% 3.0435787161191303
nce 128 128 8 8 1e-3 1000001 32.0% 15.47961562871933
nce 128 256 5 8 1e-2 200001 32.7% 3.7834023316701253
nce 128 256 5 8 1e-3 1000001 31.7% 16.438902155558267
nce 128 256 8 8 1e-2 200001 31.9% 3.2077596227327985                
nce 128 256 8 8 1e-3 1000001 30.4% 18.542174184322356
cross_entropy 128 128 5 8 1e-2 200001 33.4% 3.489667316277822
cross_entropy 128 128 8 8 1e-2 200001 32.1% 2.9059802611668903     
cross_entropy 128 128 8 8 5e-3 400001 32.5% 5.8224859714508055
cross_entropy 128 256 5 8 1e-2 200001 31.0% 3.6310488899548847
cross_entropy 256 256 5 8 5e-3 400001 29.9% 7.154840811093648
cross_entropy 128 256 8 8 1e-2 200001 31.7% 3.614575477441152
cross_entropy 128 256 8 8 5e-3 400001 31.8% 7.211260203520457
nce 64 128 5 8 1e-2 200001 29.8% 3.3955657124519347
nce 63 128 5 8 1e-2 200001 31.9% 2.639936618010203
nce 128 128 5 8 1e-2 140001 33.4% 1.8626197139422098                
nce 128 128 5 8 1e-2 200000 33.4% 3.0952041784922284
nce 128 128 5 8 1e-3 1000000 33.4% 15.359246341387431
nce 256 128 5 8 1e-2 200000 33.4% 4.045422708988189
cross_entropy 256 128 5 8 1e-2 200000 33.4% 4.870890609423319
cross_entropy 128 128 8 8 5e-3 400000 33.4% 5.568257939815521
nce 128 128 5 8 1e-3 1000000 32.8% 22.3777371207873
